-319
1301
-360
86
1530
-331
-874
1856
-93
178
596
-17
-205
1832
259
1699
-763
1621
1324
724
-762
-216
556
-177
-822
202
910
1778
-246
0
-736
-501
574
263
-306
-318
895
892
1290
172
-850
503
-929
1290
330
-76
1442
1717
8
978
-306
116
877
961
173
-552
1044
-106
719
604
1256
-489
1521
1332
1691
-956
1042
141
-64
121
1468
-68
1757
572
594
1966
1386
163
1298
-28
1843
-714
1515
1604
1624
420
786
1914
-526
1411
2036
-115
-225
647
-877
1064
-621
1759
1537
1667
-108
697
-989
219
-661
-989
2018
723
-609
1478
1443
1654
-209
-189
1974
1714
1414
559
521
-921
1286
1753
1476
-760
-145
443
1043
2011
1791
1367
186
1648
-161
1183
1763
1281
494
-459
-468
370
1791
874
-395
-443
1515
1431
1786
-925
73
884
1522
-1001
59
1730
1993
116
-248
1794
1644
-219
268
-757
606
357
-664
1927
1822
-772
-650
1395
283
681
1929
-194
1361
740
1491
1989
1839
164
-53
807
-931
610
104
372
1589
-466
-593
1236
759
1450
-151
1035
-626
161
-931
1231
1663
436